0000 0000 0 0 : 0 0000
0000 0000 1 1 : 1 0000
0000 0001 0 0 : 0 0001
0000 0001 1 1 : 0 1111
0000 0010 0 0 : 0 0010
0000 0010 1 1 : 0 1110
0000 0011 0 0 : 0 0011
0000 0011 1 1 : 0 1101
1000 0011 0 0 : 0 1011
1000 0011 1 1 : 1 0101
1001 0000 0 0 : 0 1001
1001 0000 1 1 : 1 1001
1101 0011 0 0 : 1 0000
1101 0011 1 1 : 1 1010
1110 0000 0 0 : 0 1110
1110 0000 1 1 : 1 1110
1110 0001 0 0 : 0 1111
1110 0001 1 1 : 1 1101
1110 0010 0 0 : 1 0000
1110 0010 1 1 : 1 1100
1110 0011 0 0 : 1 0001
1110 0011 1 1 : 1 1011
1111 0000 0 0 : 0 1111
1111 0000 1 1 : 1 1111
1111 0001 0 0 : 1 0000
1111 0001 1 1 : 1 1110
1111 0010 0 0 : 1 0001
1111 0010 1 1 : 1 1101
1111 0011 0 0 : 1 0010
1111 0011 1 1 : 1 1100
